4294967278,312
4294967279,364
4294967279,330
4294967279,521
4294967279,520
4294967279,530
1248,6
1248,5
1248,4
1248,3
1248,2
1248,1
4294967279,572
1245,6
1245,5
1245,4
4294967278,218
1245,3
1245,2
1245,1
1242,6
1242,5
1242,4
1242,3
1242,2
1242,1
4294967279,353
4294967278,271
1239,7
4294967278,167
1239,6
4294967279,164
1239,5
1239,4
1239,3
1239,2
1239,1
4294967278,162
4294967278,256
1236,7
1236,6
1236,5
1236,4
1236,3
1236,2
1236,1
4294967279,327
1235,5
4294967294,1002
1235,4
1235,3
1235,2
1235,1
4294967278,447
4294967294,473
4294967294,1422
1231,5
1231,4
1231,3
1231,2
1231,1
4294967278,420
4294967279,221
4294967294,472
1229,5
1229,4
1229,3
1229,2
1229,1
4294967294,1420
1228,6
1228,5
1228,4
1228,3
1228,2
1228,1
1227,5
1227,4
1227,3
1227,2
1227,1
4294967279,197
1226,5
1226,4
1226,3
1226,2
1226,1
1225,5
1225,4
1225,3
1225,2
1225,1
4294967278,251
4294967278,172
1223,4
1223,3
1223,2
1223,1
4294967294,451
4294967294,456
4294967294,416
4294967278,429
4294967278,369
4294967278,427
4294967278,424
4294967278,399
4294967279,351
4294967279,259
4294967278,398
4294967278,446
1222,6
1222,5
1222,4
1222,2
1222,1
4294967279,512
1219,6
1219,5
1219,4
1219,2
1219,1
1216,6
1216,5
1216,4
1216,3
1216,2
1216,1
1213,7
1213,6
1213,5
1213,4
1213,3
1213,2
1213,1
4294967278,443
4294967278,374
1210,7
1210,6
1210,5
1210,4
1210,2
1210,1
1209,5
1209,4
1209,3
1209,2
1209,1
4294967278,270
4294967278,269
4294967278,255
4294967279,264
1205,5
1205,4
1205,3
1205,2
1205,1
4294967279,362
1203,5
1203,4
1203,3
1203,2
1203,1
4294967294,1421
1202,6
4294967279,210
1202,5
1202,4
1202,3
1202,2
1202,1
1201,5
1201,4
1201,3
1201,2
1201,1
1200,5
1200,4
1200,3
1200,2
1200,1
1199,5
1199,4
1199,3
1199,2
1199,1
1197,4
1197,3
1197,2
1197,1
4294967278,293
4294967294,420
4294967294,465
4294967278,390
4294967278,352
4294967278,426
4294967279,332
4294967279,544
4294967278,241
4294967278,149
4294967278,393
1196,6
1196,5
1196,4
1196,2
1196,1
4294967278,321
4294967278,353
4294967278,233
4294967279,251
1193,6
1193,5
1193,4
1193,2
1193,1
4294967279,236
4294967279,536
4294967278,441
4294967279,235
4294967279,325
1190,6
1190,5
1190,4
1190,3
1190,2
1190,1
4294967279,312
1187,7
1187,6
1187,5
1187,4
1187,3
1187,2
1187,1
4294967279,532
1184,7
1184,6
1184,5
1184,4
1184,2
1184,1
4294967279,322
1183,5
1183,4
1183,3
1183,2
1183,1
4294967294,160
4294967294,113
4294967294,462
4294967278,227
1179,5
1179,4
1179,3
1179,2
1179,1
4294967279,249
1177,5
1177,4
4294967279,239
1177,3
1177,2
1177,1
1176,6
4294967279,326
1176,5
1176,4
1176,3
1176,2
1176,1
1175,5
1175,4
1175,3
1175,2
1175,1
4294967278,422
4294967279,211
4294967294,392
4294967278,249
1174,5
1174,4
1174,3
1174,2
1174,1
4294967279,220
1173,5
1173,4
1173,3
1173,2
1173,1
4294967278,194
4294967294,468
4294967278,189
4294967294,1
1171,4
4294967294,1000
4294967294,1001
4294967294,186
4294967294,1176
1171,3
1171,2
1171,1
4294967294,396
4294967294,406
4294967294,387
4294967294,388
4294967294,89
4294967294,393
4294967294,389
4294967294,390
4294967294,114
4294967294,115
4294967294,120
4294967294,424
4294967294,68
4294967294,11
4294967278,166
4294967278,132
4294967278,131
4294967278,130
4294967278,129
4294967278,128
4294967278,127
4294967278,126
4294967278,125
4294967278,124
4294967278,123
4294967278,122
4294967278,121
4294967278,120
4294967278,119
4294967278,118
4294967278,117
4294967278,396
4294967278,116
4294967278,115
4294967278,114
4294967278,113
4294967278,112
4294967278,111
4294967278,110
4294967278,109
4294967278,108
4294967278,107
4294967278,106
4294967278,418
4294967278,105
4294967278,104
4294967278,103
4294967278,102
4294967278,101
4294967278,100
4294967278,99
4294967278,98
4294967278,97
4294967278,96
4294967278,95
4294967278,245
4294967278,94
4294967278,93
4294967278,92
4294967278,91
4294967278,90
4294967278,89
4294967278,423
4294967278,87
4294967278,86
4294967278,85
4294967278,84
4294967278,82
4294967278,81
4294967278,80
4294967278,79
4294967278,78
4294967278,77
4294967278,75
4294967278,73
4294967278,72
4294967278,71
4294967278,70
4294967278,68
4294967278,67
4294967278,65
4294967278,64
4294967278,62
4294967278,61
4294967278,59
4294967278,58
4294967278,56
4294967278,51
4294967278,425
4294967278,392
4294967279,329
4294967279,299
4294967279,363
4294967279,361
4294967279,331
4294967279,360
4294967279,321
4294967279,242
4294967279,47
4294967279,43
4294967279,324
4294967279,40
4294967279,37
4294967279,23
4294967279,525
4294967279,21
4294967279,19
4294967279,9
4294967279,7
4294967279,4
4294967278,53
4294967279,51
4294967279,232
4294967278,50
1170,6
1170,5
1170,4
1170,2
1170,1
4294967279,524
1167,7
1167,6
1167,5
1167,4
1167,2
1167,1
1166,6
1166,5
1166,4
1166,2
1166,1
1163,6
1163,5
1163,4
1163,3
1163,2
1163,1
1160,7
4294967294,176
1160,6
1160,5
1160,4
1160,3
1160,2
1160,1
4294967279,149
1156,5
1156,4
1156,3
1156,2
1156,1
4294967279,382
4294967279,515
1153,5
1153,4
1153,3
1153,2
1153,1
4294967279,319
1151,5
1151,4
1151,3
1151,2
1151,1
1150,6
4294967294,175
1150,5
1150,4
1150,3
1150,2
1150,1
1149,5
1149,4
1149,3
1149,2
1149,1
4294967294,471
1148,5
1148,4
1148,3
1148,2
1148,1
1147,5
1147,4
1147,3
1147,2
1147,1
4294967294,470
1145,4
1145,3
1145,2
1145,1
4294967278,229
4294967278,76
4294967278,373
4294967278,69
4294967278,63
4294967278,60
4294967278,421
4294967279,228
4294967279,226
4294967279,560
4294967279,359
4294967279,238
4294967279,357
4294967279,8
4294967279,6
4294967294,403
4294967294,109
1144,6
1144,5
1144,4
1144,2
1144,1
4294967279,380
4294967279,379
1141,7
1141,6
1141,5
1141,4
1141,2
1141,1
1140,6
1140,5
1140,4
1140,2
1140,1
1137,6
1137,5
1137,4
1137,3
1137,2
1137,1
4294967279,551
4294967279,186
1134,7
4294967279,176
1134,6
1134,5
1134,4
1134,3
1134,2
1134,1
4294967278,147
4294967279,2
1130,5
1130,4
1130,3
1130,2
1130,1
1127,5
1127,4
1127,3
1127,2
1127,1
1125,5
1125,4
1125,3
1125,2
1125,1
1124,6
4294967294,1425
4294967294,1424
4294967294,469
1124,5
1124,4
1124,3
1124,2
1124,1
1123,5
1123,4
1123,3
1123,2
1123,1
1122,5
1122,4
1122,3
1122,2
1122,1
1121,5
1121,4
1121,3
1121,2
1121,1
4294967294,511
4294967278,394
4294967294,413
4294967294,414
4294967294,1005
4294967294,384
4294967294,118
1119,4
1119,3
1119,2
1119,1
4294967278,215
4294967279,566
4294967279,561
4294967278,154
4294967279,134
4294967279,283
4294967294,17
4294967294,99
4294967294,76
4294967278,397
4294967278,345
4294967278,83
4294967278,74
4294967278,66
4294967278,57
4294967278,55
4294967278,380
4294967278,340
4294967279,222
4294967279,550
4294967279,56
4294967279,44
4294967279,293
4294967279,29
4294967279,26
4294967279,17
4294967279,315
4294967279,0
4294967279,540
4294967279,291
4294967279,11
4294967278,318
4294967278,226
1118,6
1118,5
1118,4
1118,2
1118,1
4294967279,209
4294967279,244
1115,7
1115,6
1115,5
1115,4
1115,2
1115,1
4294967294,510
4294967294,411
4294967294,461
1114,6
1114,5
1114,4
1114,2
1114,1
4294967278,306
4294967278,260
1111,6
1111,5
1111,4
1111,3
1111,2
1111,1
4294967278,140
1108,7
1108,6
1108,5
1108,4
1108,3
1108,2
1108,1
4294967279,565
4294967278,319
4294967278,317
1105,5
1105,4
4294967279,237
1105,3
1105,2
1105,1
4294967279,233
4294967279,231
4294967279,229
4294967278,209
1102,5
4294967279,204
1102,4
1102,3
1102,2
1102,1
4294967279,194
4294967278,192
4294967279,190
4294967278,376
4294967279,188
4294967279,181
1099,5
1099,4
1099,3
1099,2
1099,1
4294967278,395
1097,5
1097,4
1097,3
1097,2
1097,1
4294967294,164
1096,6
1096,5
1096,4
1096,3
1096,2
1096,1
4294967278,417
4294967279,306
1095,5
4294967278,153
1095,4
1095,3
1095,2
1095,1
4294967278,416
4294967279,281
4294967278,146
1094,5
1094,4
1094,3
1094,2
1094,1
4294967278,138
1093,5
1093,4
1093,3
1093,2
1093,1
1091,4
1091,3
1091,2
1091,1
0,7
4294967294,0
4294967294,28
4294967294,454
4294967294,46
4294967294,40
4294967294,2
4294967294,38
4294967294,37
4294967279,358
4294967294,107
4294967294,91
4294967294,90
4294967294,87
4294967294,86
4294967294,85
4294967294,84
4294967294,419
4294967294,1175
4294967294,1174
4294967294,29
4294967294,1017
4294967294,1016
4294967294,27
4294967294,53
4294967294,45
4294967294,427
4294967294,44
4294967294,96
4294967294,94
4294967294,9
4294967294,8
4294967294,22
4294967294,42
4294967294,67
4294967294,36
4294967294,39
4294967294,41
4294967278,377
4294967278,362
4294967278,389
4294967278,54
4294967278,52
4294967279,534
4294967279,304
4294967279,174
4294967279,305
4294967279,240
4294967279,30
4294967279,294
4294967279,16
4294967279,5
4294967278,283
4294967294,7
4294967294,6
4294967294,162
4294967294,93
4294967294,95
4294967294,50
4294967294,436
4294967294,43
4294967294,417
4294967294,51
4294967294,52
4294967294,25
4294967294,1018
4294967294,26
4294967294,92
4294967294,88
4294967294,81
4294967294,1098
4294967294,82
4294967294,1419
4294967294,83
4294967279,219
4294967278,211
4294967279,203
1090,6
1090,5
4294967278,197
1090,4
1090,2
1090,1
4294967279,216
4294967278,413
4294967278,187
4294967278,183
1087,7
1087,6
1087,5
1087,4
1087,2
1087,1
1086,6
1086,5
1086,4
1086,2
1086,1
4294967278,412
4294967278,368
4294967279,272
1083,6
1083,5
1083,4
1083,3
1083,2
1083,1
4294967279,355
1080,7
1080,6
1080,5
1080,4
1080,3
1080,2
1080,1
4294967279,213
4294967279,212
4294967279,208
1077,5
1077,4
1077,3
1077,2
1077,1
4294967279,207
4294967278,206
4294967294,400
4294967294,112
4294967279,198
4294967278,193
4294967279,195
1074,5
1074,4
1074,3
1074,2
1074,1
4294967279,184
4294967279,180
4294967294,1094
4294967278,391
4294967279,177
4294967278,371
4294967278,163
1071,5
1071,4
1071,3
1071,2
1071,1
1069,5
1069,4
1069,3
1069,2
1069,1
1068,6
4294967279,143
1068,5
1068,4
1068,3
1068,2
1068,1
4294967279,342
4294967279,139
1067,5
1067,4
1067,3
1067,2
1067,1
4294967278,133
4294967294,385
4294967294,412
4294967278,331
4294967278,415
4294967278,363
1066,5
4294967279,302
1066,4
1066,3
1066,2
1066,1
1065,5
1065,4
1065,3
1065,2
1065,1
4294967279,300
1063,4
1063,3
1063,2
1063,1
4294967278,275
4294967278,411
4294967278,347
4294967279,341
4294967279,365
4294967279,217
4294967278,216
1062,6
1062,5
1062,4
1062,2
1062,1
4294967278,358
4294967278,175
4294967278,354
4294967278,367
1059,7
1059,6
1059,5
1059,4
1059,2
1059,1
4294967294,509
4294967279,145
4294967279,290
1058,6
1058,5
1058,4
1058,2
1058,1
4294967279,267
4294967294,448
4294967278,366
1055,6
1055,5
1055,4
1055,3
1055,2
1055,1
1052,7
1052,6
1052,5
1052,4
1052,3
1052,2
1052,1
1049,5
1049,4
1049,3
1049,2
1049,1
1046,5
1046,4
1046,3
1046,2
1046,1
4294967278,158
4294967279,148
1043,5
1043,4
1043,3
1043,2
1043,1
4294967279,292
1041,5
1041,4
1041,3
1041,2
1041,1
1040,6
1040,5
1040,4
1040,3
1040,2
1040,1
4294967278,281
1039,5
4294967278,285
1039,4
1039,3
1039,2
1039,1
1038,5
1038,4
1038,3
1038,2
1038,1
4294967279,248
1037,5
4294967279,245
1037,4
4294967278,244
1037,3
1037,2
1037,1
1035,4
1035,3
1035,2
1035,1
4294967294,418
4294967294,449
4294967294,463
4294967293,131
4294967293,130
4294967293,129
4294967293,128
4294967293,127
4294967293,126
4294967293,125
4294967293,124
4294967293,123
4294967293,122
4294967293,121
4294967293,120
4294967293,119
4294967293,118
4294967293,117
4294967293,116
4294967293,115
4294967293,114
4294967293,113
4294967293,112
4294967293,111
4294967293,110
4294967293,109
4294967293,108
4294967293,107
4294967293,106
4294967293,105
4294967293,104
4294967293,103
4294967293,102
4294967293,101
4294967293,100
4294967293,99
4294967293,98
4294967293,97
4294967293,96
4294967293,95
4294967293,94
4294967293,93
4294967293,92
4294967293,91
4294967293,90
4294967293,89
4294967293,87
4294967293,86
4294967293,85
4294967293,84
4294967293,83
4294967293,82
4294967293,81
4294967293,80
4294967293,79
4294967293,78
4294967293,77
4294967293,76
4294967293,75
4294967293,74
4294967293,73
4294967293,72
4294967293,71
4294967293,70
4294967293,69
4294967293,68
4294967293,67
4294967293,66
4294967293,65
4294967293,64
4294967293,63
4294967293,62
4294967293,61
4294967293,60
4294967293,59
4294967293,58
4294967293,57
4294967293,56
4294967293,55
4294967293,54
4294967293,53
4294967293,52
4294967293,51
4294967293,50
4294967293,49
4294967293,48
4294967293,47
4294967293,46
4294967293,45
4294967293,44
4294967293,43
4294967293,42
4294967293,41
4294967293,40
4294967293,39
4294967293,38
4294967293,37
4294967293,36
4294967293,35
4294967293,34
4294967293,33
4294967293,32
4294967293,31
4294967293,30
4294967293,29
4294967293,28
4294967293,27
4294967293,26
4294967293,25
4294967293,24
4294967293,23
4294967293,22
4294967293,21
4294967293,20
4294967293,19
4294967293,18
4294967293,17
4294967293,16
4294967293,15
4294967293,14
4294967293,13
4294967293,12
4294967293,11
4294967293,10
4294967293,9
4294967293,8
4294967293,7
4294967293,6
4294967293,5
4294967293,4
4294967293,3
4294967278,0
4294967279,545
4294967279,99
4294967279,97
4294967279,96
4294967279,95
4294967279,94
4294967279,93
4294967279,92
4294967279,85
4294967279,84
4294967279,83
4294967279,82
4294967279,269
4294967279,79
4294967279,77
4294967279,72
4294967279,71
4294967279,70
4294967279,68
4294967279,66
4294967279,63
4294967279,58
4294967279,356
4294967279,91
0,5
4294967294,1101
4294967294,5
4294967278,191
4294967279,182
4294967278,350
4294967279,338
4294967279,167
1034,6
1034,5
1034,4
1034,2
1034,1
4294967279,295
4294967279,350
4294967279,320
4294967278,143
1031,7
1031,6
1031,5
1031,4
1031,2
1031,1
4294967279,252
4294967279,271
4294967278,268
1030,6
1030,5
1030,4
1030,2
1030,1
4294967279,518
1027,6
1027,5
4294967278,240
1027,4
1027,3
1027,2
1027,1
4294967278,341
4294967279,225
4294967278,224
4294967294,386
4294967294,397
1024,7
4294967278,375
1024,6
1024,5
1024,4
1024,3
1024,2
1024,1
4294967278,196
4294967278,195
4294967279,191
4294967279,286
4294967278,179
1021,5
1021,4
1021,3
1021,2
1021,1
4294967278,164
4294967279,163
4294967278,414
4294967279,153
1018,5
4294967279,152
4294967279,151
1018,4
1018,3
1018,2
1018,1
4294967278,388
4294967279,142
4294967278,142
4294967278,141
4294967279,546
4294967279,573
4294967278,276
4294967278,288
4294967279,279
1015,5
1015,4
1015,3
1015,2
1015,1
4294967278,267
1013,5
4294967278,261
1013,4
4294967279,254
1013,3
1013,2
1013,1
4294967278,357
4294967279,557
4294967278,322
1012,6
1012,5
1012,4
4294967279,513
1012,3
1012,2
1012,1
4294967294,187
4294967294,399
4294967294,415
4294967294,183
4294967294,1173
4294967294,457
4294967294,184
1011,5
4294967279,247
1011,4
1011,3
1011,2
1011,1
4294967278,230
1010,5
1010,4
1010,3
1010,2
1010,1
4294967278,387
4294967279,227
4294967279,223
4294967278,386
1009,5
4294967278,214
1009,4
1009,3
1009,2
1009,1
4294967278,213
4294967279,246
4294967278,208
1007,4
1007,3
1007,2
1007,1
4294967294,1092
4294967294,1089
4294967294,1015
4294967294,1008
4294967294,1007
4294967294,1006
4294967294,998
4294967294,996
4294967294,401
4294967294,182
4294967278,364
4294967278,349
4294967278,360
4294967278,410
4294967278,355
4294967279,284
4294967279,288
4294967279,98
4294967279,90
4294967279,89
4294967279,87
4294967279,86
4294967279,81
4294967279,80
4294967279,78
4294967279,548
4294967279,555
4294967279,74
4294967279,69
4294967279,67
4294967279,65
4294967279,60
4294967279,57
4294967279,352
4294967279,289
4294967294,108
1006,6
1006,5
1006,4
1006,2
1006,1
4294967294,421
1003,7
1003,6
1003,5
1003,4
1003,2
1003,1
4294967294,508
1002,6
1002,5
1002,4
1002,2
1002,1
4294967279,569
4294967278,259
4294967278,252
999,6
999,5
999,4
999,3
999,2
999,1
4294967279,318
4294967278,247
4294967278,243
996,7
4294967279,316
996,6
996,5
996,4
996,3
